1
2
2
0
5
2
6
0
2
0
5
0
13
12
9
15
7
10
7
18
7
22
14
3
6
16
5
11
8
24
7
12
15
23
33
6
17
13
35
13
17
32
38
3
9
11
21
18
3
34
15
31
46
32
45
34
23
6
49
46
40
11
46
22
24
23
64
41
14
70
14
7
54
54
50
27
30
54
73
65
31
7
60
64
8
8
38
78
71
9
16
75
92
18
65
4
46
3
29
78
39
9
63
48
20
86
45
17
103
75
93
43
20
97
6
96
109
103
57
56
74
6
109
11
53
2
103
94
1
0
26
86
57
124
94
5
57
28
87
57
121
132
105
88
53
89
93
73
71
15
38
7
94
10
33
123
110
155
42
45
76
2
72
77
134
137
43
154
32
68
143
42
152
170
20
126
114
108
48
49
91
159
53
149
6
75
132
8
77
85
80
32
10
58
167
57
54
50
13
67
169
105
167
26
0
74
87
206
118
130
76
145
66
144
85
152
143
118
13
199
109
26
194
53
216
3
6
206
110
161
182
136
167
118
161
139
4
200
58
1
230
122
134
12
86
16
223
229
156
216
74
104
142
165
104
30
46
224
155
245
1
154
84
91
69
225
138
90
31
8
21
84
218
189
107
186
98
278
3
174
95
255
53
99
97
64
106
181
112
100
224
75
99
157
64
44
295
61
221
32
44
120
240
22
5
117
46
172
1
182
193
219
52
288
23
60
61
157
47
10
9
318
102
274
193
305
17
18
236
217
252
298
97
274
306
243
220
331
6
328
209
2
225
43
220
51
92
5
113
27
161
143
282
292
125
217
284
118
289
356
105
122
253
246
332
6
164
240
233
361
114
43
257
24
26
19
316
355
268
302
69
330
294
76
166
142
93
135
344
18
326
329
338
14
349
280
323
367
318
157
85
30
147
238
140
147
246
300
103
229
270
382
305
135
295
256
155
223
41
288
197
360
121
393
147
221
360
142
22
254
104
106
91
95
177
384
254
196
235
404
263
66
248
217
149
34
140
224
445
427
447
313
244
309
314
253
425
434
78
4
289
19
90
99
149
269
460
265
40
42
42
27
412
365
56
176
93
245
444
299
170
181
41
92
417
351
185
199
239
13
331
419
480
112
123
243
251
287
195
461
260
212
154
36
476
46
55
231
291
508
161
487
492
504
260
49
278
91
462
283
102
454
94
253
475
359
389
142
88
67
175
501
133
184
45
275
131
334
361
128
368
165
481
134
295
523
423
156
185
398
0
41
541
55
540
379
510
413
126
454
113
188
181
546
444
548
81
439
177
424
145
548
315
554
37
526
201
247
256
224
413
55
80
484
208
536
289
233
112
8
239
111
317
330
531
162
489
359
423
506
276
481
393
210
249
222
181
209
406
162
517
520
518
178
103
489
451
354
397
452
580
124
192
80
76
516
181
300
553
235
263
168
462
32
263
301
8
89
472
495
48
456
380
283
229
15
506
610
367
610
76
4
89
251
360
208
391
638
357
606
172
559
97
29
3
60
0
554
335
36
440
202
326
31
111
444
45
238
52
549
499
187
253
117
293
0
673
235
213
152
533
533
89
343
557
294
696
9
292
337
564
417
571
559
191
404
630
155
607
384
564
503
515
498
694
212
394
601
129
215
612
237
379
613
331
161
514
484
20
351
583
73
303
397
490
192
300
346
11
80
653
673
713
402
388
3
273
282
269
467
465
131
603
420
565
527
272
546
481
166
558
56
412
607
228
617
717
185
563
443
20
687
83
140
28
564
451
530
603
141
513
624
345
756
16
324
608
500
681
176
650
270
648
690
785
91
682
52
748
634
526
708
347
26
677
582
157
550
694
339
435
107
511
316
48
249
414
785
811
500
627
550
301
421
412
418
576
130
605
462
334
375
264
22
362
377
195
98
484
818
418
307
807
518
491
790
320
275
214
37
588
681
24
58
794
498
423
272
170
621
833
285
669
726
638
783
454
778
453
772
488
357
24
262
333
192
499
812
783
160
148
528
825
673
529
79
784
633
848
820
858
44
71
49
255
88
9
838
502
858
527
567
378
78
776
406
862
560
191
238
230
173
728
659
155
659
831
591
744
419
415
392
230
39
684
376
477
836
771
648
392
631
223
883
579
907
549
699
58
585
783
803
13
150
905
239
318
192
762
758
474
48
821
655
584
849
716
86
31
775
799
716
722
808
855
788
745
690
856
530
841
278
279
190
747
846
28
709
278
333
161
902
326
86
487
166
465
449
488
14
748
734
818
608
321
705
694
110
116
237
